Run semi-empirical minimization
 &qmmm
    qm_theory='AM1', grms_tol=0.0005,
 scfconv=1.d-10, ndiis_attempts=700,   qmcharge=0,
 /
  17   CL1        6.5490        0.7670        0.6980 
   6    C1        5.3280        0.2450       -0.4230 
   6    C2        5.5370        0.1910       -1.7930 
   6    C3        4.5590       -0.2260       -2.6610 
   6    C4        3.3340       -0.6010       -2.1430 
   6    C5        3.0830       -0.5630       -0.7870 
   6    C6        1.7570       -0.9780       -0.2970 
   6    C7        0.7780        0.1520       -0.2740 
   8    O1        1.2160        1.2490       -0.6750 
   7    N1       -0.5340       -0.0700        0.1800 
   6    C8       -1.5620        0.8860        0.2580 
   6    C9       -1.4910        2.1850       -0.1880 
   7    N2       -2.5580        3.0370       -0.0930 
   6   C10       -3.7360        2.6730        0.4350 
   6   C11       -3.8640        1.3790        0.8990 
   6   C12       -2.7880        0.4980        0.8100 
   6   C13       -2.9550       -0.8560        1.3360 
   6   C14       -4.2810       -1.3810        1.7430 
   6   C15       -3.6700       -1.8330        0.4160 
   6   C16        4.0860       -0.1380        0.0800 
   1    H1        6.5200        0.4970       -2.1620 
   1    H2        4.7160       -0.2700       -3.7250 
   1    H3        2.5450       -0.9360       -2.8200 
   1    H4        1.9010       -1.3400        0.7590 
   1    H5        1.4090       -1.8280       -0.9070 
   1    H6       -0.7500       -1.0650        0.4800 
   1    H7       -0.5670        2.5320       -0.6240 
   1    H8       -4.5520        3.3790        0.4900 
   1    H9       -4.8220        1.0980        1.3250 
   1   H10       -2.0810       -1.2670        1.8870 
   1   H11       -4.2710       -2.2110        2.4910 
   1   H12       -5.2070       -0.8220        1.7540 
   1   H13       -3.2910       -2.8500        0.3040 
   1   H14       -4.2290       -1.4270       -0.4510 
   1   H15        3.8940       -0.1070        1.1470 

