Run semi-empirical minimization
 &qmmm
    qm_theory='AM1', grms_tol=0.0005,
 scfconv=1.d-10, ndiis_attempts=700,   qmcharge=0,
 /
   6    C1       -3.3450       -0.3850        1.7450 
   6    C2       -3.1340       -0.1450        0.2830 
   6    C3       -4.2170       -0.0360       -0.5530 
   7    N1       -5.5260       -0.1500       -0.0320 
   6    C4       -4.0990        0.1840       -1.9040 
   7    N2       -2.8610        0.2920       -2.3970 
   6    C5       -1.7610        0.1940       -1.6240 
   6    C6       -1.8620       -0.0270       -0.2690 
   7    N3       -0.7360       -0.1360        0.5770 
   6    C7        0.6220       -0.0480        0.2270 
   8    O1        1.0210        0.1450       -0.9220 
   6    C8        1.6640       -0.1940        1.2840 
   6    C9        3.0230       -0.0770        0.7520 
   6   C10        3.7750       -1.1260        0.2890 
   6   C11        5.0600       -0.9290       -0.2020 
   6   C12        5.6020        0.3310       -0.2310 
   6   C13        4.8670        1.3990        0.2280 
  17   CL1        5.5960        2.9880        0.1720 
   6   C14        3.6010        1.1940        0.7090 
   1    H1       -2.7380       -1.2400        2.1040 
   1    H2       -4.3940       -0.6460        1.9120 
   1    H3       -3.1310        0.5280        2.3410 
   1    H4       -5.9730        0.6670        0.3980 
   1    H5       -6.0190       -1.0490       -0.0880 
   1    H6       -4.9770        0.2640       -2.5290 
   1    H7       -0.7860        0.2970       -2.1260 
   1    H8       -0.9910       -0.3090        1.6180 
   1    H9        1.5380        0.5830        2.0790 
   1   H10        1.5540       -1.2250        1.7150 
   1   H11        3.3530       -2.1180        0.3100 
   1   H12        5.6460       -1.7600       -0.5640 
   1   H13        6.6000        0.4960       -0.6100 
   1   H14        3.0290        2.0380        1.0690 

